dl n=6 format = edgelist1
labels embedded
data:
		
22	211	621
22	22	13470
22	42	4452
22	486	1371
22	5412OP	1836
22	711AS	331
486	211	385
486	22	NA
486	42	NA
486	486	NA
486	5412OP	NA
486	711AS	NA
42	211	157
42	22	919
42	42	15433
42	486	56
42	5412OP	NA
42	711AS	NA
211	211	8065
211	22	34108
211	42	19
211	486	115
211	5412OP	12
211	711AS	1
5412OP	211	600
5412OP	22	7045
5412OP	42	28989
5412OP	486	2039
5412OP	5412OP	62942
5412OP	711AS	3509
711AS	211	0
711AS	22	18
711AS	42	411
711AS	486	NA
711AS	5412OP	1999
711AS	711AS	6319
